840737 A1.svs
[8981, 41227, 18709, 16740]
[80660, 57890, 19132, 17663]

838014 A2.svs
[10769, 59675, 37931, 21995]
[74677, 51280, 19957, 15501]

848107 C1.svs
[47390, 25218, 35477, 30190]

735048 A5.svs
[65239, 29736, 20403, 21387]
[26579, 13777, 28698, 15209]
[56358, 9482, 14224, 12914]
[40159, 33291, 11260, 6529]
[21629, 59281, 9813, 14992]
[44229, 69005, 18118, 20679]
[55001, 51720, 12561, 10767]

848107 C3.svs
[17044, 22532, 21382, 26418]

840740 A2.svs
[50457, 12543, 17628, 13599]

911697 B2.svs
[11057, 43717, 5495, 6610]
[5103, 27490, 3877, 1784]
[27276, 23176, 4650, 4485]
[28903, 39755, 2322, 2381]

910438 A7.svs
[13093, 25591, 18806, 31018]
[47186, 6341, 16413, 14561]

910438 A2.svs
[11806, 6722, 54586, 42529]

908998 A4.svs
[41290, 25296, 1796, 4083]
[36445, 21490, 1950, 1432]
[38079, 23133, 2431, 970]
[38374, 21521, 4892, 1170]
[35853, 17063, 2209, 2746]
[29767, 64809, 4121, 2954]
[41178, 61159, 4276, 4587]
[45492, 64738, 2507, 3496]
[34444, 26453, 2315, 3861]

911697 B1.svs
[39491, 18360, 5702, 4679]
[57739, 37059, 3227, 2565]
[49043, 31889, 2289, 3404]
[63752, 54904, 3524, 3513]
[43506, 64255, 2379, 2149]

908998 A2.svs
[21352, 66974, 1145, 1548]
[16144, 69228, 2874, 1175]
[28221, 72936, 1644, 1606]
[15694, 43163, 2550, 3516]
[25795, 57343, 1316, 2578]
[40114, 29488, 3162, 5021]
[32142, 29109, 1941, 3658]
[31368, 26294, 1512, 2210]

803004 B1.svs
[61490, 68837, 2209, 2392]
[41192, 84656, 2589, 1254]
[43780, 86116, 2033, 1238]

860651 A2.svs
[63444, 50834, 2956, 3211]
[59072, 46303, 2400, 2511]
[59984, 52553, 2072, 1994]

893825 A4.svs
[22332, 29807, 16018, 17852]

802963 A1.svs
[23490, 13779, 14864, 23405]

893825 A1.svs
[24840, 4146, 14483, 13732]

907841 C1.svs
[6537, 5801, 21255, 20446]

909603 A1.svs
[46009, 7550, 10272, 10991]
[51346, 18639, 6015, 3796]
[11372, 46419, 5229, 2285]

909159 L3.svs
[8712, 6947, 2276, 2377]
[8822, 17682, 1386, 1404]
[8734, 10553, 1406, 2286]
[5722, 13184, 1135, 1467]
[7024, 10024, 844, 1234]

