735048 A5.svs
[65239, 29736, 20403, 21387]
[26579, 13777, 28698, 15209]
[56358, 9482, 14224, 12914]
[40159, 33291, 11260, 6529]
[21629, 59281, 9813, 14992]
[44229, 69005, 18118, 20679]
[55001, 51720, 12561, 10767]

803004 B1.svs
[61490, 68837, 2209, 2392]

860651 A2.svs
[63444, 50834, 2956, 3211]
[59072, 46303, 2400, 2511]
[59984, 52553, 2072, 1994]

737445 A1.svs
[108821, 29015, 15016, 12705]

742296 C1.svs
[23734, 4077, 13769, 10015]

743306 B1.svs
[22469, 28654, 2655, 3598]
[19954, 33948, 2135, 2963]

745008 A1.svs
[38614, 10435, 12054, 24405]

745466 A1.svs
[39580, 22434, 13393, 18627]

746857 B1.svs
[56910, 25100, 10433, 9191]
[59623, 35072, 15126, 7883]


574 B16.svs
[24443, 34797, 48924, 25634]
[7555, 6450, 46733, 29794]
[77947, 15051, 21016, 34735]

755304 A1 Recut.svs
[105510, 44154, 6287, 7839]
[61519, 43623, 10666, 16275]
[86865, 49676, 6558, 5127]

757451 A1.svs
[19356, 53302, 23844, 11716]

758799 A1.svs
[37543, 21433, 8613, 6031]
[56461, 20442, 5069, 3223]

762207 A1.svs
[21739, 34213, 17210, 25157]

762207 A3.svs
[41074, 66820, 11354, 9178]

764725 A2.svs
[21577, 25998, 20613, 30599]

764860 A1.svs
[109452, 26417, 9666, 10351]
[87187, 26728, 11879, 12653]

769315 A1.svs
[52692, 12524, 8883, 5555]
[23843, 46694, 9196, 6295]
[30807, 38513, 8047, 4817]

755304 A1.svs
[41662, 23538, 4659, 5836]
[36752, 19871, 2473, 2126]
[42368, 18993, 2634, 2403]
[29499, 50184, 10220, 11593]
[61150, 50539, 13729, 9484]
[87495, 50944, 4059, 4300]
[70439, 40000, 7274, 6660]
[103925, 34425, 11733, 12593]
[24472, 31154, 21688, 18963]

769774 A1.svs
[66077, 21167, 16635, 20358]

770188 A3.svs
[15137, 14877, 31156, 41196]

770928 B1.svs
[30905, 17975, 8409, 7428]

772046 A5.svs
[108006, 46205, 5785, 10842]
[31086, 31231, 11117, 18289]
[31127, 72638, 16087, 8517]

773792 A1.svs
[98776, 14492, 21344, 13478]

778023 A1.svs
[15208, 13576, 3843, 4435]

779043 A1.svs
[29053, 46843, 8802, 8726]

780838 A1.svs
[43393, 15051, 3669, 4453]

780838 A2.svs
[110281, 39581, 7881, 4477]
[111337, 44420, 2430, 2280]

786642 A2.svs
[5952, 10634, 10480, 6905]

787415 A1.svs
[47480, 24673, 3687, 3430]
[16580, 29885, 3937, 3458]
[76239, 47979, 3484, 3183]

792673 A1.svs
[94376, 57408, 5654, 2837]
[100482, 65735, 6620, 2747]
[68357, 52056, 3491, 4767]

792818 A1.svs
[25937, 21052, 8944, 13756]
[9466, 57916, 8314, 5017]

794796 A2.svs
[21538, 35523, 20199, 9827]

807007 A1.svs
[6924, 48913, 16400, 6411]

808637 A2.svs
[20257, 55947, 17865, 11161]

812960 B1.svs
[24168, 10737, 1183, 970]
[32893, 9394, 637, 310]
[33122, 8940, 412, 450]

813168 A1.svs
[17946, 24834, 14342, 8663]

813996 A1.svs
[17137, 15788, 5936, 7525]

817102 A1.svs
[49166, 24625, 9657, 6504]
[70707, 21794, 7106, 11262]

817152 A1.svs
[58095, 13193, 8411, 6474]

821135 A2.svs
[18153, 25566, 40338, 26464]

821504 B1.svs
[32072, 38474, 8047, 15628]

829490 A1.svs
[17691, 4119, 15616, 16097]
[39917, 31197, 14459, 20182]

830738 A1.svs
[21210, 11007, 19676, 12074]

907841 C1.svs
[16711, 15910, 11027, 10274]
[16819, 5851, 11027, 10005]
[8912, 8541, 7745, 7369]
[6545, 15856, 10112, 10328]

910438 A7.svs
[47186, 6341, 16413, 14561]
[13148, 40525, 18784, 16021]
[13543, 26060, 18461, 14422]

910438 A2.svs
[37197, 6765, 29147, 21713]
[37281, 28816, 29063, 20360]
[11683, 6681, 25261, 21966]
[15654, 28478, 21712, 20529]

845861 A1.svs
[39523, 33620, 9082, 6490]
[49015, 32425, 12532, 8803]

848107 C1.svs
[47390, 25218, 35477, 30190]

848107 C3.svs
[17044, 22532, 21382, 26418]

850208 A1.svs
[14179, 7395, 8124, 6424]
[24277, 6173, 4778, 4029]

850799 A1.svs
[7483, 14399, 4370, 5770]

851271 C1 Case 2.svs
[90388, 31495, 2031, 1943]

840737 A1.svs
[8981, 41227, 18709, 16740]
[80660, 57890, 19132, 17663]

838014 A2.svs
[10769, 59675, 37931, 21995]
[74677, 51280, 19957, 15501]

840740 A2.svs
[50457, 12543, 17628, 13599]

911697 B2.svs
[11057, 43717, 5495, 6610]
[5103, 27490, 3877, 1784]
[27276, 23176, 4650, 4485]
[28903, 39755, 2322, 2381]

908998 A4.svs
[41290, 25296, 1796, 4083]
[36445, 21490, 1950, 1432]
[38079, 23133, 2431, 970]
[38374, 21521, 4892, 1170]
[35853, 17063, 2209, 2746]
[29767, 64809, 4121, 2954]
[41178, 61159, 4276, 4587]
[45492, 64738, 2507, 3496]
[34444, 26453, 2315, 3861]


911697 B1.svs
[39491, 18360, 5702, 4679]
[57739, 37059, 3227, 2565]
[49043, 31889, 2289, 3404]
[63752, 54904, 3524, 3513]
[43506, 64255, 2379, 2149]

908998 A2.svs
[21352, 66974, 1145, 1548]
[16144, 69228, 2874, 1175]
[28221, 72936, 1644, 1606]
[15694, 43163, 2550, 3516]
[25795, 57343, 1316, 2578]
[40114, 29488, 3162, 5021]
[32142, 29109, 1941, 3658]
[31368, 26294, 1512, 2210]

893825 A4.svs
[22332, 29807, 16018, 17852]

802963 A1.svs
[23490, 13779, 14864, 23405]

893825 A1.svs
[24840, 4146, 14483, 13732]

909603 A1.svs
[46009, 7550, 10272, 10991]
[51346, 18639, 6015, 3796]
[11372, 46419, 5229, 2285]

909159 L3.svs
[8712, 6947, 2276, 2377]
[8822, 17682, 1386, 1404]
[8734, 10553, 1406, 2286]
[5722, 13184, 1135, 1467]
[7024, 10024, 844, 1234]

